liver: 0.7566184088859503
kidney right : 0.6938818097368633
kidney left: 0.7292789255793232
bladder: 0.0
spleen: 0.658101182237143
pancreas: 0.5102689670051849
global: 0.6696298586888929
