liver: 0.7566184088859503
kidney right : 0.7434447961466393
kidney left: 0.7544264747372309
bladder: 0.0
spleen: 0.658101182237143
pancreas: 0.5278644486260533
global: 0.6880910621266033
