liver: 1.0
kidney right : 0.9333333333333333
kidney left: 0.9666666666666667
bladder: 0.8571428571428571
spleen: 1.0
pancreas: 0.9666666666666667
global: 0.9733333333333333
