liver: 0.7479389970372637
kidney right : 0.701088745055803
kidney left: 0.6912215154970711
bladder: 0.0
spleen: 0.6259371812256339
pancreas: 0.5245759207363939
global: 0.658152471910433
