liver: 0.7556274748029789
kidney right : 0.7366680066971665
kidney left: 0.7455890759432812
bladder: 0.0
spleen: 0.6603308414668317
pancreas: 0.5301383801368867
global: 0.685670755809429
