liver: 0.0
kidney right : 0.3666946902115747
kidney left: 0.2794640875831593
spleen: 0.34521555728736286
global: 0.2478435837705242
