liver: 0
kidney right : 0.6667176185664995
kidney left: 0.621031305740354
spleen: 0.627664649613387
global: 0.47885339348006006
