liver: 0.6268427040283168
kidney right : 0.7597779527537426
kidney left: 0.6962884990709488
spleen: 0.6559346500259806
global: 0.6847109514697471
