liver: 0.12536854080566334
kidney right : 0.7597779527537426
kidney left: 0.6962884990709488
spleen: 0.5575444525220835
global: 0.5347448612881096
