liver: 0.6845335999320826
kidney right : 0.6144643631364556
kidney left: 0.6526688593191551
spleen: 0.618164572738987
global: 0.6424578487816701
