liver: 0.7205616841390343
kidney right : 0.6827381812627284
kidney left: 0.6526688593191551
spleen: 0.6506995502515652
global: 0.6766670687431208
